{
 "cells": [
  {
   "cell_type": "code",
   "execution_count": 73,
   "metadata": {},
   "outputs": [],
   "source": [
    "import pandas as pd\n",
    "import numpy as np\n",
    "import pickle\n",
    "import glob\n",
    "import os\n",
    "import matplotlib.pyplot as plt\n",
    "import seaborn as sns\n",
    "import lightgbm as lgb\n",
    "from sklearn import svm\n",
    "from sklearn.linear_model import LogisticRegression\n",
    "from sklearn.metrics import accuracy_score\n",
    "from sklearn.model_selection import train_test_split\n",
    "from sklearn.ensemble import RandomForestClassifier, AdaBoostClassifier\n",
    "from sklearn.tree import DecisionTreeClassifier\n",
    "from sklearn.preprocessing import MultiLabelBinarizer\n",
    "from sklearn.model_selection import cross_val_score\n",
    "#Supress default INFO logging\n",
    "import logging\n",
    "logger = logging.getLogger()\n",
    "logger.setLevel(logging.CRITICAL)\n",
    "plt.rcParams['font.family'] = 'NanumGothic'\n",
    "plt.rcParams['font.family'] = 'Malgun Gothic'\n"
   ]
  },
  {
   "cell_type": "markdown",
   "metadata": {},
   "source": [
    "# data load  and preprocessing"
   ]
  },
  {
   "cell_type": "code",
   "execution_count": 17,
   "metadata": {},
   "outputs": [],
   "source": [
    "defende_path = \"./data/수비/\"\n",
    "batter_path = \"./data/타자/\"\n",
    "file_list = ['2011.tsv','2012.tsv','2013.tsv','2014.tsv','2015.tsv','2016.tsv','2017.tsv','2018.tsv','2019.tsv']"
   ]
  },
  {
   "cell_type": "code",
   "execution_count": 18,
   "metadata": {},
   "outputs": [],
   "source": [
    "def data_load(file_list, defende_path,batter_path):\n",
    "    df = pd.DataFrame()\n",
    "    for data_path in file_list:\n",
    "        defender = pd.read_csv(defende_path + data_path,sep=\"\\t\")\n",
    "        batter = pd.read_csv(batter_path + data_path,sep=\"\\t\")\n",
    "        data = pd.merge(defender,batter,on=[\"선수명\",\"팀명\"])\n",
    "        df = pd.concat([df,data])\n",
    "    return df, list(defender.columns)"
   ]
  },
  {
   "cell_type": "code",
   "execution_count": 19,
   "metadata": {},
   "outputs": [],
   "source": [
    "def del_noise_column(data, columns):\n",
    "    noise_columns = [\"순위_x\",\"순위_y\",\"G_x\"] + columns\n",
    "    for column in noise_columns:\n",
    "        if column in data:\n",
    "            del data[column]\n",
    "    return data"
   ]
  },
  {
   "cell_type": "markdown",
   "metadata": {},
   "source": [
    "#### defender_coumns 제거를 위해  수비수 포지션을 받고  포지션은 제거 리스트에서 제외"
   ]
  },
  {
   "cell_type": "code",
   "execution_count": 20,
   "metadata": {},
   "outputs": [],
   "source": [
    "df, defender_coumns = data_load(file_list, defende_path, batter_path)\n",
    "del defender_coumns[defender_coumns.index(\"POS\")]\n",
    "del defender_coumns[defender_coumns.index(\"선수명\")]\n",
    "del defender_coumns[defender_coumns.index(\"팀명\")]"
   ]
  },
  {
   "cell_type": "code",
   "execution_count": 21,
   "metadata": {},
   "outputs": [],
   "source": [
    "df = del_noise_column(df,list(defender_coumns))"
   ]
  },
  {
   "cell_type": "code",
   "execution_count": 22,
   "metadata": {},
   "outputs": [],
   "source": [
    "if \"선수명\" in df:\n",
    "    df_name = df[\"선수명\"]\n",
    "    del df[\"선수명\"]\n",
    "\n",
    "label = None\n",
    "if \"POS\" in df:\n",
    "    label = df[\"POS\"]\n",
    "    del df[\"POS\"]"
   ]
  },
  {
   "cell_type": "code",
   "execution_count": 23,
   "metadata": {},
   "outputs": [],
   "source": [
    "del df[\"팀명\"]\n",
    "# 팀명 원핫 인코딩\n",
    "# if \"팀명\" in df:\n",
    "#     one_hot_encoded = pd.get_dummies(df.팀명) \n",
    "#     del df[\"팀명\"]\n",
    "#     df = pd.concat([one_hot_encoded,df],axis=1)"
   ]
  },
  {
   "cell_type": "markdown",
   "metadata": {},
   "source": [
    "## 시각화"
   ]
  },
  {
   "cell_type": "markdown",
   "metadata": {},
   "source": [
    "### 포지션 별 상관 관계"
   ]
  },
  {
   "cell_type": "code",
   "execution_count": 42,
   "metadata": {},
   "outputs": [
    {
     "data": {
      "text/html": [
       "<div>\n",
       "<style scoped>\n",
       "    .dataframe tbody tr th:only-of-type {\n",
       "        vertical-align: middle;\n",
       "    }\n",
       "\n",
       "    .dataframe tbody tr th {\n",
       "        vertical-align: top;\n",
       "    }\n",
       "\n",
       "    .dataframe thead th {\n",
       "        text-align: right;\n",
       "    }\n",
       "</style>\n",
       "<table border=\"1\" class=\"dataframe\">\n",
       "  <thead>\n",
       "    <tr style=\"text-align: right;\">\n",
       "      <th></th>\n",
       "      <th></th>\n",
       "      <th>G_y</th>\n",
       "      <th>PA</th>\n",
       "      <th>AB</th>\n",
       "      <th>R</th>\n",
       "      <th>H</th>\n",
       "      <th>2B</th>\n",
       "      <th>3B</th>\n",
       "      <th>HR</th>\n",
       "      <th>TB</th>\n",
       "      <th>RBI</th>\n",
       "      <th>SAC</th>\n",
       "      <th>SF</th>\n",
       "    </tr>\n",
       "    <tr>\n",
       "      <th>POS</th>\n",
       "      <th></th>\n",
       "      <th></th>\n",
       "      <th></th>\n",
       "      <th></th>\n",
       "      <th></th>\n",
       "      <th></th>\n",
       "      <th></th>\n",
       "      <th></th>\n",
       "      <th></th>\n",
       "      <th></th>\n",
       "      <th></th>\n",
       "      <th></th>\n",
       "      <th></th>\n",
       "    </tr>\n",
       "  </thead>\n",
       "  <tbody>\n",
       "    <tr>\n",
       "      <td rowspan=\"12\" valign=\"top\">1루수</td>\n",
       "      <td>G_y</td>\n",
       "      <td>1.000000</td>\n",
       "      <td>0.922456</td>\n",
       "      <td>0.923767</td>\n",
       "      <td>0.829451</td>\n",
       "      <td>0.885820</td>\n",
       "      <td>0.813824</td>\n",
       "      <td>0.357609</td>\n",
       "      <td>0.660227</td>\n",
       "      <td>0.845917</td>\n",
       "      <td>0.804699</td>\n",
       "      <td>0.214951</td>\n",
       "      <td>0.636096</td>\n",
       "    </tr>\n",
       "    <tr>\n",
       "      <td>PA</td>\n",
       "      <td>0.922456</td>\n",
       "      <td>1.000000</td>\n",
       "      <td>0.996887</td>\n",
       "      <td>0.927286</td>\n",
       "      <td>0.981723</td>\n",
       "      <td>0.909953</td>\n",
       "      <td>0.373524</td>\n",
       "      <td>0.797870</td>\n",
       "      <td>0.961162</td>\n",
       "      <td>0.924726</td>\n",
       "      <td>0.060363</td>\n",
       "      <td>0.701770</td>\n",
       "    </tr>\n",
       "    <tr>\n",
       "      <td>AB</td>\n",
       "      <td>0.923767</td>\n",
       "      <td>0.996887</td>\n",
       "      <td>1.000000</td>\n",
       "      <td>0.915649</td>\n",
       "      <td>0.981412</td>\n",
       "      <td>0.912149</td>\n",
       "      <td>0.372278</td>\n",
       "      <td>0.781898</td>\n",
       "      <td>0.955539</td>\n",
       "      <td>0.915395</td>\n",
       "      <td>0.061043</td>\n",
       "      <td>0.693731</td>\n",
       "    </tr>\n",
       "    <tr>\n",
       "      <td>R</td>\n",
       "      <td>0.829451</td>\n",
       "      <td>0.927286</td>\n",
       "      <td>0.915649</td>\n",
       "      <td>1.000000</td>\n",
       "      <td>0.936551</td>\n",
       "      <td>0.877383</td>\n",
       "      <td>0.426820</td>\n",
       "      <td>0.876827</td>\n",
       "      <td>0.961350</td>\n",
       "      <td>0.932377</td>\n",
       "      <td>-0.019889</td>\n",
       "      <td>0.651535</td>\n",
       "    </tr>\n",
       "    <tr>\n",
       "      <td>H</td>\n",
       "      <td>0.885820</td>\n",
       "      <td>0.981723</td>\n",
       "      <td>0.981412</td>\n",
       "      <td>0.936551</td>\n",
       "      <td>1.000000</td>\n",
       "      <td>0.926044</td>\n",
       "      <td>0.371396</td>\n",
       "      <td>0.810451</td>\n",
       "      <td>0.977853</td>\n",
       "      <td>0.941682</td>\n",
       "      <td>-0.011235</td>\n",
       "      <td>0.707117</td>\n",
       "    </tr>\n",
       "    <tr>\n",
       "      <td>2B</td>\n",
       "      <td>0.813824</td>\n",
       "      <td>0.909953</td>\n",
       "      <td>0.912149</td>\n",
       "      <td>0.877383</td>\n",
       "      <td>0.926044</td>\n",
       "      <td>1.000000</td>\n",
       "      <td>0.344799</td>\n",
       "      <td>0.744760</td>\n",
       "      <td>0.920291</td>\n",
       "      <td>0.882729</td>\n",
       "      <td>-0.040848</td>\n",
       "      <td>0.658778</td>\n",
       "    </tr>\n",
       "    <tr>\n",
       "      <td>3B</td>\n",
       "      <td>0.357609</td>\n",
       "      <td>0.373524</td>\n",
       "      <td>0.372278</td>\n",
       "      <td>0.426820</td>\n",
       "      <td>0.371396</td>\n",
       "      <td>0.344799</td>\n",
       "      <td>1.000000</td>\n",
       "      <td>0.224506</td>\n",
       "      <td>0.364286</td>\n",
       "      <td>0.300849</td>\n",
       "      <td>0.215582</td>\n",
       "      <td>0.296127</td>\n",
       "    </tr>\n",
       "    <tr>\n",
       "      <td>HR</td>\n",
       "      <td>0.660227</td>\n",
       "      <td>0.797870</td>\n",
       "      <td>0.781898</td>\n",
       "      <td>0.876827</td>\n",
       "      <td>0.810451</td>\n",
       "      <td>0.744760</td>\n",
       "      <td>0.224506</td>\n",
       "      <td>1.000000</td>\n",
       "      <td>0.911022</td>\n",
       "      <td>0.920559</td>\n",
       "      <td>-0.217643</td>\n",
       "      <td>0.568666</td>\n",
       "    </tr>\n",
       "    <tr>\n",
       "      <td>TB</td>\n",
       "      <td>0.845917</td>\n",
       "      <td>0.961162</td>\n",
       "      <td>0.955539</td>\n",
       "      <td>0.961350</td>\n",
       "      <td>0.977853</td>\n",
       "      <td>0.920291</td>\n",
       "      <td>0.364286</td>\n",
       "      <td>0.911022</td>\n",
       "      <td>1.000000</td>\n",
       "      <td>0.976297</td>\n",
       "      <td>-0.081348</td>\n",
       "      <td>0.691450</td>\n",
       "    </tr>\n",
       "    <tr>\n",
       "      <td>RBI</td>\n",
       "      <td>0.804699</td>\n",
       "      <td>0.924726</td>\n",
       "      <td>0.915395</td>\n",
       "      <td>0.932377</td>\n",
       "      <td>0.941682</td>\n",
       "      <td>0.882729</td>\n",
       "      <td>0.300849</td>\n",
       "      <td>0.920559</td>\n",
       "      <td>0.976297</td>\n",
       "      <td>1.000000</td>\n",
       "      <td>-0.156579</td>\n",
       "      <td>0.725633</td>\n",
       "    </tr>\n",
       "    <tr>\n",
       "      <td>SAC</td>\n",
       "      <td>0.214951</td>\n",
       "      <td>0.060363</td>\n",
       "      <td>0.061043</td>\n",
       "      <td>-0.019889</td>\n",
       "      <td>-0.011235</td>\n",
       "      <td>-0.040848</td>\n",
       "      <td>0.215582</td>\n",
       "      <td>-0.217643</td>\n",
       "      <td>-0.081348</td>\n",
       "      <td>-0.156579</td>\n",
       "      <td>1.000000</td>\n",
       "      <td>-0.130481</td>\n",
       "    </tr>\n",
       "    <tr>\n",
       "      <td>SF</td>\n",
       "      <td>0.636096</td>\n",
       "      <td>0.701770</td>\n",
       "      <td>0.693731</td>\n",
       "      <td>0.651535</td>\n",
       "      <td>0.707117</td>\n",
       "      <td>0.658778</td>\n",
       "      <td>0.296127</td>\n",
       "      <td>0.568666</td>\n",
       "      <td>0.691450</td>\n",
       "      <td>0.725633</td>\n",
       "      <td>-0.130481</td>\n",
       "      <td>1.000000</td>\n",
       "    </tr>\n",
       "    <tr>\n",
       "      <td rowspan=\"12\" valign=\"top\">2루수</td>\n",
       "      <td>G_y</td>\n",
       "      <td>1.000000</td>\n",
       "      <td>0.895129</td>\n",
       "      <td>0.895611</td>\n",
       "      <td>0.816662</td>\n",
       "      <td>0.853946</td>\n",
       "      <td>0.792815</td>\n",
       "      <td>0.459240</td>\n",
       "      <td>0.547314</td>\n",
       "      <td>0.830383</td>\n",
       "      <td>0.782709</td>\n",
       "      <td>0.526072</td>\n",
       "      <td>0.624510</td>\n",
       "    </tr>\n",
       "    <tr>\n",
       "      <td>PA</td>\n",
       "      <td>0.895129</td>\n",
       "      <td>1.000000</td>\n",
       "      <td>0.998522</td>\n",
       "      <td>0.934330</td>\n",
       "      <td>0.982333</td>\n",
       "      <td>0.920334</td>\n",
       "      <td>0.553469</td>\n",
       "      <td>0.660490</td>\n",
       "      <td>0.964950</td>\n",
       "      <td>0.905592</td>\n",
       "      <td>0.481838</td>\n",
       "      <td>0.726486</td>\n",
       "    </tr>\n",
       "    <tr>\n",
       "      <td>AB</td>\n",
       "      <td>0.895611</td>\n",
       "      <td>0.998522</td>\n",
       "      <td>1.000000</td>\n",
       "      <td>0.931282</td>\n",
       "      <td>0.984593</td>\n",
       "      <td>0.922617</td>\n",
       "      <td>0.554465</td>\n",
       "      <td>0.659285</td>\n",
       "      <td>0.966537</td>\n",
       "      <td>0.906385</td>\n",
       "      <td>0.464911</td>\n",
       "      <td>0.721917</td>\n",
       "    </tr>\n",
       "    <tr>\n",
       "      <td>R</td>\n",
       "      <td>0.816662</td>\n",
       "      <td>0.934330</td>\n",
       "      <td>0.931282</td>\n",
       "      <td>1.000000</td>\n",
       "      <td>0.950937</td>\n",
       "      <td>0.896615</td>\n",
       "      <td>0.611864</td>\n",
       "      <td>0.691997</td>\n",
       "      <td>0.951394</td>\n",
       "      <td>0.885823</td>\n",
       "      <td>0.330447</td>\n",
       "      <td>0.670623</td>\n",
       "    </tr>\n",
       "    <tr>\n",
       "      <td>H</td>\n",
       "      <td>0.853946</td>\n",
       "      <td>0.982333</td>\n",
       "      <td>0.984593</td>\n",
       "      <td>0.950937</td>\n",
       "      <td>1.000000</td>\n",
       "      <td>0.939629</td>\n",
       "      <td>0.576750</td>\n",
       "      <td>0.673238</td>\n",
       "      <td>0.983601</td>\n",
       "      <td>0.919778</td>\n",
       "      <td>0.402722</td>\n",
       "      <td>0.725505</td>\n",
       "    </tr>\n",
       "    <tr>\n",
       "      <td>2B</td>\n",
       "      <td>0.792815</td>\n",
       "      <td>0.920334</td>\n",
       "      <td>0.922617</td>\n",
       "      <td>0.896615</td>\n",
       "      <td>0.939629</td>\n",
       "      <td>1.000000</td>\n",
       "      <td>0.513855</td>\n",
       "      <td>0.706916</td>\n",
       "      <td>0.955385</td>\n",
       "      <td>0.909421</td>\n",
       "      <td>0.330517</td>\n",
       "      <td>0.687911</td>\n",
       "    </tr>\n",
       "    <tr>\n",
       "      <td>3B</td>\n",
       "      <td>0.459240</td>\n",
       "      <td>0.553469</td>\n",
       "      <td>0.554465</td>\n",
       "      <td>0.611864</td>\n",
       "      <td>0.576750</td>\n",
       "      <td>0.513855</td>\n",
       "      <td>1.000000</td>\n",
       "      <td>0.166104</td>\n",
       "      <td>0.548274</td>\n",
       "      <td>0.426991</td>\n",
       "      <td>0.198880</td>\n",
       "      <td>0.335938</td>\n",
       "    </tr>\n",
       "    <tr>\n",
       "      <td>HR</td>\n",
       "      <td>0.547314</td>\n",
       "      <td>0.660490</td>\n",
       "      <td>0.659285</td>\n",
       "      <td>0.691997</td>\n",
       "      <td>0.673238</td>\n",
       "      <td>0.706916</td>\n",
       "      <td>0.166104</td>\n",
       "      <td>1.000000</td>\n",
       "      <td>0.787956</td>\n",
       "      <td>0.852306</td>\n",
       "      <td>0.066601</td>\n",
       "      <td>0.536672</td>\n",
       "    </tr>\n",
       "    <tr>\n",
       "      <td>TB</td>\n",
       "      <td>0.830383</td>\n",
       "      <td>0.964950</td>\n",
       "      <td>0.966537</td>\n",
       "      <td>0.951394</td>\n",
       "      <td>0.983601</td>\n",
       "      <td>0.955385</td>\n",
       "      <td>0.548274</td>\n",
       "      <td>0.787956</td>\n",
       "      <td>1.000000</td>\n",
       "      <td>0.959579</td>\n",
       "      <td>0.340032</td>\n",
       "      <td>0.721189</td>\n",
       "    </tr>\n",
       "    <tr>\n",
       "      <td>RBI</td>\n",
       "      <td>0.782709</td>\n",
       "      <td>0.905592</td>\n",
       "      <td>0.906385</td>\n",
       "      <td>0.885823</td>\n",
       "      <td>0.919778</td>\n",
       "      <td>0.909421</td>\n",
       "      <td>0.426991</td>\n",
       "      <td>0.852306</td>\n",
       "      <td>0.959579</td>\n",
       "      <td>1.000000</td>\n",
       "      <td>0.267728</td>\n",
       "      <td>0.746750</td>\n",
       "    </tr>\n",
       "    <tr>\n",
       "      <td>SAC</td>\n",
       "      <td>0.526072</td>\n",
       "      <td>0.481838</td>\n",
       "      <td>0.464911</td>\n",
       "      <td>0.330447</td>\n",
       "      <td>0.402722</td>\n",
       "      <td>0.330517</td>\n",
       "      <td>0.198880</td>\n",
       "      <td>0.066601</td>\n",
       "      <td>0.340032</td>\n",
       "      <td>0.267728</td>\n",
       "      <td>1.000000</td>\n",
       "      <td>0.225800</td>\n",
       "    </tr>\n",
       "    <tr>\n",
       "      <td>SF</td>\n",
       "      <td>0.624510</td>\n",
       "      <td>0.726486</td>\n",
       "      <td>0.721917</td>\n",
       "      <td>0.670623</td>\n",
       "      <td>0.725505</td>\n",
       "      <td>0.687911</td>\n",
       "      <td>0.335938</td>\n",
       "      <td>0.536672</td>\n",
       "      <td>0.721189</td>\n",
       "      <td>0.746750</td>\n",
       "      <td>0.225800</td>\n",
       "      <td>1.000000</td>\n",
       "    </tr>\n",
       "    <tr>\n",
       "      <td rowspan=\"12\" valign=\"top\">3루수</td>\n",
       "      <td>G_y</td>\n",
       "      <td>1.000000</td>\n",
       "      <td>0.896233</td>\n",
       "      <td>0.898127</td>\n",
       "      <td>0.837605</td>\n",
       "      <td>0.863599</td>\n",
       "      <td>0.794824</td>\n",
       "      <td>0.438958</td>\n",
       "      <td>0.609936</td>\n",
       "      <td>0.827541</td>\n",
       "      <td>0.771583</td>\n",
       "      <td>0.390925</td>\n",
       "      <td>0.628240</td>\n",
       "    </tr>\n",
       "    <tr>\n",
       "      <td>PA</td>\n",
       "      <td>0.896233</td>\n",
       "      <td>1.000000</td>\n",
       "      <td>0.997873</td>\n",
       "      <td>0.939838</td>\n",
       "      <td>0.985195</td>\n",
       "      <td>0.913751</td>\n",
       "      <td>0.461791</td>\n",
       "      <td>0.772580</td>\n",
       "      <td>0.968066</td>\n",
       "      <td>0.926170</td>\n",
       "      <td>0.279820</td>\n",
       "      <td>0.759187</td>\n",
       "    </tr>\n",
       "    <tr>\n",
       "      <td>AB</td>\n",
       "      <td>0.898127</td>\n",
       "      <td>0.997873</td>\n",
       "      <td>1.000000</td>\n",
       "      <td>0.933824</td>\n",
       "      <td>0.986393</td>\n",
       "      <td>0.917325</td>\n",
       "      <td>0.471066</td>\n",
       "      <td>0.757836</td>\n",
       "      <td>0.964838</td>\n",
       "      <td>0.918995</td>\n",
       "      <td>0.273163</td>\n",
       "      <td>0.753550</td>\n",
       "    </tr>\n",
       "    <tr>\n",
       "      <td>R</td>\n",
       "      <td>0.837605</td>\n",
       "      <td>0.939838</td>\n",
       "      <td>0.933824</td>\n",
       "      <td>1.000000</td>\n",
       "      <td>0.951760</td>\n",
       "      <td>0.885395</td>\n",
       "      <td>0.441759</td>\n",
       "      <td>0.817203</td>\n",
       "      <td>0.958008</td>\n",
       "      <td>0.925546</td>\n",
       "      <td>0.165481</td>\n",
       "      <td>0.727506</td>\n",
       "    </tr>\n",
       "    <tr>\n",
       "      <td>H</td>\n",
       "      <td>0.863599</td>\n",
       "      <td>0.985195</td>\n",
       "      <td>0.986393</td>\n",
       "      <td>0.951760</td>\n",
       "      <td>1.000000</td>\n",
       "      <td>0.929174</td>\n",
       "      <td>0.467586</td>\n",
       "      <td>0.777107</td>\n",
       "      <td>0.980517</td>\n",
       "      <td>0.936409</td>\n",
       "      <td>0.215108</td>\n",
       "      <td>0.772800</td>\n",
       "    </tr>\n",
       "    <tr>\n",
       "      <td>2B</td>\n",
       "      <td>0.794824</td>\n",
       "      <td>0.913751</td>\n",
       "      <td>0.917325</td>\n",
       "      <td>0.885395</td>\n",
       "      <td>0.929174</td>\n",
       "      <td>1.000000</td>\n",
       "      <td>0.399401</td>\n",
       "      <td>0.725138</td>\n",
       "      <td>0.927409</td>\n",
       "      <td>0.878819</td>\n",
       "      <td>0.165170</td>\n",
       "      <td>0.715482</td>\n",
       "    </tr>\n",
       "    <tr>\n",
       "      <td>3B</td>\n",
       "      <td>0.438958</td>\n",
       "      <td>0.461791</td>\n",
       "      <td>0.471066</td>\n",
       "      <td>0.441759</td>\n",
       "      <td>0.467586</td>\n",
       "      <td>0.399401</td>\n",
       "      <td>1.000000</td>\n",
       "      <td>0.151660</td>\n",
       "      <td>0.413912</td>\n",
       "      <td>0.335886</td>\n",
       "      <td>0.223161</td>\n",
       "      <td>0.302533</td>\n",
       "    </tr>\n",
       "    <tr>\n",
       "      <td>HR</td>\n",
       "      <td>0.609936</td>\n",
       "      <td>0.772580</td>\n",
       "      <td>0.757836</td>\n",
       "      <td>0.817203</td>\n",
       "      <td>0.777107</td>\n",
       "      <td>0.725138</td>\n",
       "      <td>0.151660</td>\n",
       "      <td>1.000000</td>\n",
       "      <td>0.881450</td>\n",
       "      <td>0.904304</td>\n",
       "      <td>-0.120394</td>\n",
       "      <td>0.653544</td>\n",
       "    </tr>\n",
       "    <tr>\n",
       "      <td>TB</td>\n",
       "      <td>0.827541</td>\n",
       "      <td>0.968066</td>\n",
       "      <td>0.964838</td>\n",
       "      <td>0.958008</td>\n",
       "      <td>0.980517</td>\n",
       "      <td>0.927409</td>\n",
       "      <td>0.413912</td>\n",
       "      <td>0.881450</td>\n",
       "      <td>1.000000</td>\n",
       "      <td>0.972069</td>\n",
       "      <td>0.119149</td>\n",
       "      <td>0.772301</td>\n",
       "    </tr>\n",
       "    <tr>\n",
       "      <td>RBI</td>\n",
       "      <td>0.771583</td>\n",
       "      <td>0.926170</td>\n",
       "      <td>0.918995</td>\n",
       "      <td>0.925546</td>\n",
       "      <td>0.936409</td>\n",
       "      <td>0.878819</td>\n",
       "      <td>0.335886</td>\n",
       "      <td>0.904304</td>\n",
       "      <td>0.972069</td>\n",
       "      <td>1.000000</td>\n",
       "      <td>0.037399</td>\n",
       "      <td>0.796456</td>\n",
       "    </tr>\n",
       "    <tr>\n",
       "      <td>SAC</td>\n",
       "      <td>0.390925</td>\n",
       "      <td>0.279820</td>\n",
       "      <td>0.273163</td>\n",
       "      <td>0.165481</td>\n",
       "      <td>0.215108</td>\n",
       "      <td>0.165170</td>\n",
       "      <td>0.223161</td>\n",
       "      <td>-0.120394</td>\n",
       "      <td>0.119149</td>\n",
       "      <td>0.037399</td>\n",
       "      <td>1.000000</td>\n",
       "      <td>0.061038</td>\n",
       "    </tr>\n",
       "    <tr>\n",
       "      <td>SF</td>\n",
       "      <td>0.628240</td>\n",
       "      <td>0.759187</td>\n",
       "      <td>0.753550</td>\n",
       "      <td>0.727506</td>\n",
       "      <td>0.772800</td>\n",
       "      <td>0.715482</td>\n",
       "      <td>0.302533</td>\n",
       "      <td>0.653544</td>\n",
       "      <td>0.772301</td>\n",
       "      <td>0.796456</td>\n",
       "      <td>0.061038</td>\n",
       "      <td>1.000000</td>\n",
       "    </tr>\n",
       "    <tr>\n",
       "      <td rowspan=\"12\" valign=\"top\">유격수</td>\n",
       "      <td>G_y</td>\n",
       "      <td>1.000000</td>\n",
       "      <td>0.898610</td>\n",
       "      <td>0.900324</td>\n",
       "      <td>0.831962</td>\n",
       "      <td>0.869085</td>\n",
       "      <td>0.800148</td>\n",
       "      <td>0.500584</td>\n",
       "      <td>0.529044</td>\n",
       "      <td>0.830819</td>\n",
       "      <td>0.775061</td>\n",
       "      <td>0.535068</td>\n",
       "      <td>0.617055</td>\n",
       "    </tr>\n",
       "    <tr>\n",
       "      <td>PA</td>\n",
       "      <td>0.898610</td>\n",
       "      <td>1.000000</td>\n",
       "      <td>0.998143</td>\n",
       "      <td>0.936386</td>\n",
       "      <td>0.985170</td>\n",
       "      <td>0.917694</td>\n",
       "      <td>0.576033</td>\n",
       "      <td>0.675578</td>\n",
       "      <td>0.963601</td>\n",
       "      <td>0.913453</td>\n",
       "      <td>0.500193</td>\n",
       "      <td>0.723676</td>\n",
       "    </tr>\n",
       "    <tr>\n",
       "      <td>AB</td>\n",
       "      <td>0.900324</td>\n",
       "      <td>0.998143</td>\n",
       "      <td>1.000000</td>\n",
       "      <td>0.932261</td>\n",
       "      <td>0.986513</td>\n",
       "      <td>0.918126</td>\n",
       "      <td>0.581501</td>\n",
       "      <td>0.667290</td>\n",
       "      <td>0.962596</td>\n",
       "      <td>0.906256</td>\n",
       "      <td>0.484395</td>\n",
       "      <td>0.704859</td>\n",
       "    </tr>\n",
       "    <tr>\n",
       "      <td>R</td>\n",
       "      <td>0.831962</td>\n",
       "      <td>0.936386</td>\n",
       "      <td>0.932261</td>\n",
       "      <td>1.000000</td>\n",
       "      <td>0.945422</td>\n",
       "      <td>0.885184</td>\n",
       "      <td>0.570627</td>\n",
       "      <td>0.770984</td>\n",
       "      <td>0.958541</td>\n",
       "      <td>0.930207</td>\n",
       "      <td>0.347192</td>\n",
       "      <td>0.687112</td>\n",
       "    </tr>\n",
       "    <tr>\n",
       "      <td>H</td>\n",
       "      <td>0.869085</td>\n",
       "      <td>0.985170</td>\n",
       "      <td>0.986513</td>\n",
       "      <td>0.945422</td>\n",
       "      <td>1.000000</td>\n",
       "      <td>0.931836</td>\n",
       "      <td>0.565667</td>\n",
       "      <td>0.691511</td>\n",
       "      <td>0.978779</td>\n",
       "      <td>0.923832</td>\n",
       "      <td>0.446626</td>\n",
       "      <td>0.708669</td>\n",
       "    </tr>\n",
       "    <tr>\n",
       "      <td>2B</td>\n",
       "      <td>0.800148</td>\n",
       "      <td>0.917694</td>\n",
       "      <td>0.918126</td>\n",
       "      <td>0.885184</td>\n",
       "      <td>0.931836</td>\n",
       "      <td>1.000000</td>\n",
       "      <td>0.503738</td>\n",
       "      <td>0.714950</td>\n",
       "      <td>0.946424</td>\n",
       "      <td>0.903164</td>\n",
       "      <td>0.351039</td>\n",
       "      <td>0.695358</td>\n",
       "    </tr>\n",
       "    <tr>\n",
       "      <td>3B</td>\n",
       "      <td>0.500584</td>\n",
       "      <td>0.576033</td>\n",
       "      <td>0.581501</td>\n",
       "      <td>0.570627</td>\n",
       "      <td>0.565667</td>\n",
       "      <td>0.503738</td>\n",
       "      <td>1.000000</td>\n",
       "      <td>0.288122</td>\n",
       "      <td>0.555297</td>\n",
       "      <td>0.478502</td>\n",
       "      <td>0.254008</td>\n",
       "      <td>0.330963</td>\n",
       "    </tr>\n",
       "    <tr>\n",
       "      <td>HR</td>\n",
       "      <td>0.529044</td>\n",
       "      <td>0.675578</td>\n",
       "      <td>0.667290</td>\n",
       "      <td>0.770984</td>\n",
       "      <td>0.691511</td>\n",
       "      <td>0.714950</td>\n",
       "      <td>0.288122</td>\n",
       "      <td>1.000000</td>\n",
       "      <td>0.818882</td>\n",
       "      <td>0.864606</td>\n",
       "      <td>0.027501</td>\n",
       "      <td>0.532710</td>\n",
       "    </tr>\n",
       "    <tr>\n",
       "      <td>TB</td>\n",
       "      <td>0.830819</td>\n",
       "      <td>0.963601</td>\n",
       "      <td>0.962596</td>\n",
       "      <td>0.958541</td>\n",
       "      <td>0.978779</td>\n",
       "      <td>0.946424</td>\n",
       "      <td>0.555297</td>\n",
       "      <td>0.818882</td>\n",
       "      <td>1.000000</td>\n",
       "      <td>0.967211</td>\n",
       "      <td>0.354565</td>\n",
       "      <td>0.706095</td>\n",
       "    </tr>\n",
       "    <tr>\n",
       "      <td>RBI</td>\n",
       "      <td>0.775061</td>\n",
       "      <td>0.913453</td>\n",
       "      <td>0.906256</td>\n",
       "      <td>0.930207</td>\n",
       "      <td>0.923832</td>\n",
       "      <td>0.903164</td>\n",
       "      <td>0.478502</td>\n",
       "      <td>0.864606</td>\n",
       "      <td>0.967211</td>\n",
       "      <td>1.000000</td>\n",
       "      <td>0.291118</td>\n",
       "      <td>0.754242</td>\n",
       "    </tr>\n",
       "    <tr>\n",
       "      <td>SAC</td>\n",
       "      <td>0.535068</td>\n",
       "      <td>0.500193</td>\n",
       "      <td>0.484395</td>\n",
       "      <td>0.347192</td>\n",
       "      <td>0.446626</td>\n",
       "      <td>0.351039</td>\n",
       "      <td>0.254008</td>\n",
       "      <td>0.027501</td>\n",
       "      <td>0.354565</td>\n",
       "      <td>0.291118</td>\n",
       "      <td>1.000000</td>\n",
       "      <td>0.318130</td>\n",
       "    </tr>\n",
       "    <tr>\n",
       "      <td>SF</td>\n",
       "      <td>0.617055</td>\n",
       "      <td>0.723676</td>\n",
       "      <td>0.704859</td>\n",
       "      <td>0.687112</td>\n",
       "      <td>0.708669</td>\n",
       "      <td>0.695358</td>\n",
       "      <td>0.330963</td>\n",
       "      <td>0.532710</td>\n",
       "      <td>0.706095</td>\n",
       "      <td>0.754242</td>\n",
       "      <td>0.318130</td>\n",
       "      <td>1.000000</td>\n",
       "    </tr>\n",
       "  </tbody>\n",
       "</table>\n",
       "</div>"
      ],
      "text/plain": [
       "              G_y        PA        AB         R         H        2B        3B  \\\n",
       "POS                                                                             \n",
       "1루수 G_y  1.000000  0.922456  0.923767  0.829451  0.885820  0.813824  0.357609   \n",
       "    PA   0.922456  1.000000  0.996887  0.927286  0.981723  0.909953  0.373524   \n",
       "    AB   0.923767  0.996887  1.000000  0.915649  0.981412  0.912149  0.372278   \n",
       "    R    0.829451  0.927286  0.915649  1.000000  0.936551  0.877383  0.426820   \n",
       "    H    0.885820  0.981723  0.981412  0.936551  1.000000  0.926044  0.371396   \n",
       "    2B   0.813824  0.909953  0.912149  0.877383  0.926044  1.000000  0.344799   \n",
       "    3B   0.357609  0.373524  0.372278  0.426820  0.371396  0.344799  1.000000   \n",
       "    HR   0.660227  0.797870  0.781898  0.876827  0.810451  0.744760  0.224506   \n",
       "    TB   0.845917  0.961162  0.955539  0.961350  0.977853  0.920291  0.364286   \n",
       "    RBI  0.804699  0.924726  0.915395  0.932377  0.941682  0.882729  0.300849   \n",
       "    SAC  0.214951  0.060363  0.061043 -0.019889 -0.011235 -0.040848  0.215582   \n",
       "    SF   0.636096  0.701770  0.693731  0.651535  0.707117  0.658778  0.296127   \n",
       "2루수 G_y  1.000000  0.895129  0.895611  0.816662  0.853946  0.792815  0.459240   \n",
       "    PA   0.895129  1.000000  0.998522  0.934330  0.982333  0.920334  0.553469   \n",
       "    AB   0.895611  0.998522  1.000000  0.931282  0.984593  0.922617  0.554465   \n",
       "    R    0.816662  0.934330  0.931282  1.000000  0.950937  0.896615  0.611864   \n",
       "    H    0.853946  0.982333  0.984593  0.950937  1.000000  0.939629  0.576750   \n",
       "    2B   0.792815  0.920334  0.922617  0.896615  0.939629  1.000000  0.513855   \n",
       "    3B   0.459240  0.553469  0.554465  0.611864  0.576750  0.513855  1.000000   \n",
       "    HR   0.547314  0.660490  0.659285  0.691997  0.673238  0.706916  0.166104   \n",
       "    TB   0.830383  0.964950  0.966537  0.951394  0.983601  0.955385  0.548274   \n",
       "    RBI  0.782709  0.905592  0.906385  0.885823  0.919778  0.909421  0.426991   \n",
       "    SAC  0.526072  0.481838  0.464911  0.330447  0.402722  0.330517  0.198880   \n",
       "    SF   0.624510  0.726486  0.721917  0.670623  0.725505  0.687911  0.335938   \n",
       "3루수 G_y  1.000000  0.896233  0.898127  0.837605  0.863599  0.794824  0.438958   \n",
       "    PA   0.896233  1.000000  0.997873  0.939838  0.985195  0.913751  0.461791   \n",
       "    AB   0.898127  0.997873  1.000000  0.933824  0.986393  0.917325  0.471066   \n",
       "    R    0.837605  0.939838  0.933824  1.000000  0.951760  0.885395  0.441759   \n",
       "    H    0.863599  0.985195  0.986393  0.951760  1.000000  0.929174  0.467586   \n",
       "    2B   0.794824  0.913751  0.917325  0.885395  0.929174  1.000000  0.399401   \n",
       "    3B   0.438958  0.461791  0.471066  0.441759  0.467586  0.399401  1.000000   \n",
       "    HR   0.609936  0.772580  0.757836  0.817203  0.777107  0.725138  0.151660   \n",
       "    TB   0.827541  0.968066  0.964838  0.958008  0.980517  0.927409  0.413912   \n",
       "    RBI  0.771583  0.926170  0.918995  0.925546  0.936409  0.878819  0.335886   \n",
       "    SAC  0.390925  0.279820  0.273163  0.165481  0.215108  0.165170  0.223161   \n",
       "    SF   0.628240  0.759187  0.753550  0.727506  0.772800  0.715482  0.302533   \n",
       "유격수 G_y  1.000000  0.898610  0.900324  0.831962  0.869085  0.800148  0.500584   \n",
       "    PA   0.898610  1.000000  0.998143  0.936386  0.985170  0.917694  0.576033   \n",
       "    AB   0.900324  0.998143  1.000000  0.932261  0.986513  0.918126  0.581501   \n",
       "    R    0.831962  0.936386  0.932261  1.000000  0.945422  0.885184  0.570627   \n",
       "    H    0.869085  0.985170  0.986513  0.945422  1.000000  0.931836  0.565667   \n",
       "    2B   0.800148  0.917694  0.918126  0.885184  0.931836  1.000000  0.503738   \n",
       "    3B   0.500584  0.576033  0.581501  0.570627  0.565667  0.503738  1.000000   \n",
       "    HR   0.529044  0.675578  0.667290  0.770984  0.691511  0.714950  0.288122   \n",
       "    TB   0.830819  0.963601  0.962596  0.958541  0.978779  0.946424  0.555297   \n",
       "    RBI  0.775061  0.913453  0.906256  0.930207  0.923832  0.903164  0.478502   \n",
       "    SAC  0.535068  0.500193  0.484395  0.347192  0.446626  0.351039  0.254008   \n",
       "    SF   0.617055  0.723676  0.704859  0.687112  0.708669  0.695358  0.330963   \n",
       "\n",
       "               HR        TB       RBI       SAC        SF  \n",
       "POS                                                        \n",
       "1루수 G_y  0.660227  0.845917  0.804699  0.214951  0.636096  \n",
       "    PA   0.797870  0.961162  0.924726  0.060363  0.701770  \n",
       "    AB   0.781898  0.955539  0.915395  0.061043  0.693731  \n",
       "    R    0.876827  0.961350  0.932377 -0.019889  0.651535  \n",
       "    H    0.810451  0.977853  0.941682 -0.011235  0.707117  \n",
       "    2B   0.744760  0.920291  0.882729 -0.040848  0.658778  \n",
       "    3B   0.224506  0.364286  0.300849  0.215582  0.296127  \n",
       "    HR   1.000000  0.911022  0.920559 -0.217643  0.568666  \n",
       "    TB   0.911022  1.000000  0.976297 -0.081348  0.691450  \n",
       "    RBI  0.920559  0.976297  1.000000 -0.156579  0.725633  \n",
       "    SAC -0.217643 -0.081348 -0.156579  1.000000 -0.130481  \n",
       "    SF   0.568666  0.691450  0.725633 -0.130481  1.000000  \n",
       "2루수 G_y  0.547314  0.830383  0.782709  0.526072  0.624510  \n",
       "    PA   0.660490  0.964950  0.905592  0.481838  0.726486  \n",
       "    AB   0.659285  0.966537  0.906385  0.464911  0.721917  \n",
       "    R    0.691997  0.951394  0.885823  0.330447  0.670623  \n",
       "    H    0.673238  0.983601  0.919778  0.402722  0.725505  \n",
       "    2B   0.706916  0.955385  0.909421  0.330517  0.687911  \n",
       "    3B   0.166104  0.548274  0.426991  0.198880  0.335938  \n",
       "    HR   1.000000  0.787956  0.852306  0.066601  0.536672  \n",
       "    TB   0.787956  1.000000  0.959579  0.340032  0.721189  \n",
       "    RBI  0.852306  0.959579  1.000000  0.267728  0.746750  \n",
       "    SAC  0.066601  0.340032  0.267728  1.000000  0.225800  \n",
       "    SF   0.536672  0.721189  0.746750  0.225800  1.000000  \n",
       "3루수 G_y  0.609936  0.827541  0.771583  0.390925  0.628240  \n",
       "    PA   0.772580  0.968066  0.926170  0.279820  0.759187  \n",
       "    AB   0.757836  0.964838  0.918995  0.273163  0.753550  \n",
       "    R    0.817203  0.958008  0.925546  0.165481  0.727506  \n",
       "    H    0.777107  0.980517  0.936409  0.215108  0.772800  \n",
       "    2B   0.725138  0.927409  0.878819  0.165170  0.715482  \n",
       "    3B   0.151660  0.413912  0.335886  0.223161  0.302533  \n",
       "    HR   1.000000  0.881450  0.904304 -0.120394  0.653544  \n",
       "    TB   0.881450  1.000000  0.972069  0.119149  0.772301  \n",
       "    RBI  0.904304  0.972069  1.000000  0.037399  0.796456  \n",
       "    SAC -0.120394  0.119149  0.037399  1.000000  0.061038  \n",
       "    SF   0.653544  0.772301  0.796456  0.061038  1.000000  \n",
       "유격수 G_y  0.529044  0.830819  0.775061  0.535068  0.617055  \n",
       "    PA   0.675578  0.963601  0.913453  0.500193  0.723676  \n",
       "    AB   0.667290  0.962596  0.906256  0.484395  0.704859  \n",
       "    R    0.770984  0.958541  0.930207  0.347192  0.687112  \n",
       "    H    0.691511  0.978779  0.923832  0.446626  0.708669  \n",
       "    2B   0.714950  0.946424  0.903164  0.351039  0.695358  \n",
       "    3B   0.288122  0.555297  0.478502  0.254008  0.330963  \n",
       "    HR   1.000000  0.818882  0.864606  0.027501  0.532710  \n",
       "    TB   0.818882  1.000000  0.967211  0.354565  0.706095  \n",
       "    RBI  0.864606  0.967211  1.000000  0.291118  0.754242  \n",
       "    SAC  0.027501  0.354565  0.291118  1.000000  0.318130  \n",
       "    SF   0.532710  0.706095  0.754242  0.318130  1.000000  "
      ]
     },
     "execution_count": 42,
     "metadata": {},
     "output_type": "execute_result"
    }
   ],
   "source": [
    "all_data = pd.concat([df, label],axis=1)\n",
    "all_data.groupby(\"POS\").corr()"
   ]
  },
  {
   "cell_type": "markdown",
   "metadata": {},
   "source": [
    "### 포지션을 포함하기 위해 원핫 인코딩으로 변형 후 결과"
   ]
  },
  {
   "cell_type": "code",
   "execution_count": 53,
   "metadata": {},
   "outputs": [
    {
     "data": {
      "text/html": [
       "<div>\n",
       "<style scoped>\n",
       "    .dataframe tbody tr th:only-of-type {\n",
       "        vertical-align: middle;\n",
       "    }\n",
       "\n",
       "    .dataframe tbody tr th {\n",
       "        vertical-align: top;\n",
       "    }\n",
       "\n",
       "    .dataframe thead th {\n",
       "        text-align: right;\n",
       "    }\n",
       "</style>\n",
       "<table border=\"1\" class=\"dataframe\">\n",
       "  <thead>\n",
       "    <tr style=\"text-align: right;\">\n",
       "      <th></th>\n",
       "      <th>1루수</th>\n",
       "      <th>2루수</th>\n",
       "      <th>3루수</th>\n",
       "      <th>유격수</th>\n",
       "      <th>G_y</th>\n",
       "      <th>PA</th>\n",
       "      <th>AB</th>\n",
       "      <th>R</th>\n",
       "      <th>H</th>\n",
       "      <th>2B</th>\n",
       "      <th>3B</th>\n",
       "      <th>HR</th>\n",
       "      <th>TB</th>\n",
       "      <th>RBI</th>\n",
       "      <th>SAC</th>\n",
       "      <th>SF</th>\n",
       "    </tr>\n",
       "  </thead>\n",
       "  <tbody>\n",
       "    <tr>\n",
